CATMULL_ROM
42
32

1.0 0.0
1.0 0.0
1.0 0.0
1.0 0.0
0.968583 0.248690
0.876307 0.481754
0.728969 0.684547
0.535827 0.844328
0.309017 0.951057
0.062791 0.998027
-0.187381 0.982287
-0.425779 0.904827
-0.637424 0.770513
-0.809017 0.587785
-0.929776 0.368125
-0.992115 0.125333
-0.992115 -0.125333
-0.929776 -0.368125
-0.809017 -0.587785
-0.637424 -0.770513
-0.425779 -0.904827
-0.187381 -0.982287
0.062791 -0.998027
0.309017 -0.951057
0.535827 -0.844328
0.728969 -0.684547
0.876307 -0.481754
0.968583 -0.248690
1.0 0.0
1.0 0.0
1.0 0.0
1.0 0.0
0.000000
0.0 0 0 0
0 -96.250000 0

1.0 0.0
1.0 0.0
1.0 0.0
1.0 0.0
0.968583 0.248690
0.876307 0.481754
0.728969 0.684547
0.535827 0.844328
0.309017 0.951057
0.062791 0.998027
-0.187381 0.982287
-0.425779 0.904827
-0.637424 0.770513
-0.809017 0.587785
-0.929776 0.368125
-0.992115 0.125333
-0.992115 -0.125333
-0.929776 -0.368125
-0.809017 -0.587785
-0.637424 -0.770513
-0.425779 -0.904827
-0.187381 -0.982287
0.062791 -0.998027
0.309017 -0.951057
0.535827 -0.844328
0.728969 -0.684547
0.876307 -0.481754
0.968583 -0.248690
1.0 0.0
1.0 0.0
1.0 0.0
1.0 0.0
39.862903
0.0 0 0 0
0 -87.607143 0

1.0 0.0
1.0 0.0
1.0 0.0
1.0 0.0
0.968583 0.248690
0.876307 0.481754
0.728969 0.684547
0.535827 0.844328
0.309017 0.951057
0.062791 0.998027
-0.187381 0.982287
-0.425779 0.904827
-0.637424 0.770513
-0.809017 0.587785
-0.929776 0.368125
-0.992115 0.125333
-0.992115 -0.125333
-0.929776 -0.368125
-0.809017 -0.587785
-0.637424 -0.770513
-0.425779 -0.904827
-0.187381 -0.982287
0.062791 -0.998027
0.309017 -0.951057
0.535827 -0.844328
0.728969 -0.684547
0.876307 -0.481754
0.968583 -0.248690
1.0 0.0
1.0 0.0
1.0 0.0
1.0 0.0
55.033663
0.0 0 0 0
0 -78.964286 0

1.0 0.0
1.0 0.0
1.0 0.0
1.0 0.0
0.968583 0.248690
0.876307 0.481754
0.728969 0.684547
0.535827 0.844328
0.309017 0.951057
0.062791 0.998027
-0.187381 0.982287
-0.425779 0.904827
-0.637424 0.770513
-0.809017 0.587785
-0.929776 0.368125
-0.992115 0.125333
-0.992115 -0.125333
-0.929776 -0.368125
-0.809017 -0.587785
-0.637424 -0.770513
-0.425779 -0.904827
-0.187381 -0.982287
0.062791 -0.998027
0.309017 -0.951057
0.535827 -0.844328
0.728969 -0.684547
0.876307 -0.481754
0.968583 -0.248690
1.0 0.0
1.0 0.0
1.0 0.0
1.0 0.0
65.718789
0.0 0 0 0
0 -70.321429 0

1.0 0.0
1.0 0.0
1.0 0.0
1.0 0.0
0.968583 0.248690
0.876307 0.481754
0.728969 0.684547
0.535827 0.844328
0.309017 0.951057
0.062791 0.998027
-0.187381 0.982287
-0.425779 0.904827
-0.637424 0.770513
-0.809017 0.587785
-0.929776 0.368125
-0.992115 0.125333
-0.992115 -0.125333
-0.929776 -0.368125
-0.809017 -0.587785
-0.637424 -0.770513
-0.425779 -0.904827
-0.187381 -0.982287
0.062791 -0.998027
0.309017 -0.951057
0.535827 -0.844328
0.728969 -0.684547
0.876307 -0.481754
0.968583 -0.248690
1.0 0.0
1.0 0.0
1.0 0.0
1.0 0.0
73.890570
0.0 0 0 0
0 -61.678571 0

1.0 0.0
1.0 0.0
1.0 0.0
1.0 0.0
0.968583 0.248690
0.876307 0.481754
0.728969 0.684547
0.535827 0.844328
0.309017 0.951057
0.062791 0.998027
-0.187381 0.982287
-0.425779 0.904827
-0.637424 0.770513
-0.809017 0.587785
-0.929776 0.368125
-0.992115 0.125333
-0.992115 -0.125333
-0.929776 -0.368125
-0.809017 -0.587785
-0.637424 -0.770513
-0.425779 -0.904827
-0.187381 -0.982287
0.062791 -0.998027
0.309017 -0.951057
0.535827 -0.844328
0.728969 -0.684547
0.876307 -0.481754
0.968583 -0.248690
1.0 0.0
1.0 0.0
1.0 0.0
1.0 0.0
80.319833
0.0 0 0 0
0 -53.035714 0

1.0 0.0
1.0 0.0
1.0 0.0
1.0 0.0
0.968583 0.248690
0.876307 0.481754
0.728969 0.684547
0.535827 0.844328
0.309017 0.951057
0.062791 0.998027
-0.187381 0.982287
-0.425779 0.904827
-0.637424 0.770513
-0.809017 0.587785
-0.929776 0.368125
-0.992115 0.125333
-0.992115 -0.125333
-0.929776 -0.368125
-0.809017 -0.587785
-0.637424 -0.770513
-0.425779 -0.904827
-0.187381 -0.982287
0.062791 -0.998027
0.309017 -0.951057
0.535827 -0.844328
0.728969 -0.684547
0.876307 -0.481754
0.968583 -0.248690
1.0 0.0
1.0 0.0
1.0 0.0
1.0 0.0
85.401035
0.0 0 0 0
0 -44.392857 0

1.0 0.0
1.0 0.0
1.0 0.0
1.0 0.0
0.968583 0.248690
0.876307 0.481754
0.728969 0.684547
0.535827 0.844328
0.309017 0.951057
0.062791 0.998027
-0.187381 0.982287
-0.425779 0.904827
-0.637424 0.770513
-0.809017 0.587785
-0.929776 0.368125
-0.992115 0.125333
-0.992115 -0.125333
-0.929776 -0.368125
-0.809017 -0.587785
-0.637424 -0.770513
-0.425779 -0.904827
-0.187381 -0.982287
0.062791 -0.998027
0.309017 -0.951057
0.535827 -0.844328
0.728969 -0.684547
0.876307 -0.481754
0.968583 -0.248690
1.0 0.0
1.0 0.0
1.0 0.0
1.0 0.0
89.364422
0.0 0 0 0
0 -35.750000 0

0.978877 0.000000
0.978877 0.000000
1.000000 0.000000
1.000000 0.000000
0.968583 0.248690
0.876307 0.481754
0.728969 0.684547
0.535827 0.844328
0.309017 0.951057
0.062791 0.998027
-0.187381 0.982287
-0.425779 0.904827
-0.637424 0.770513
-0.809017 0.587785
-0.929776 0.368125
-0.992115 0.125333
-0.992115 -0.125333
-0.929776 -0.368125
-0.809017 -0.587785
-0.637424 -0.770513
-0.425779 -0.904827
-0.187381 -0.982287
0.062791 -0.998027
0.309017 -0.951057
0.535827 -0.844328
0.728969 -0.684547
0.876307 -0.481754
0.968583 -0.248690
1.000000 -0.000000
1.000000 -0.000000
0.978877 -0.000000
0.978877 -0.000000
89.364422
0.0 0 0 0
0 -35.750000 0

0.962210 0.183746
0.962210 0.183746
0.982974 0.183746
0.982974 0.183746
0.912542 0.408984
0.791288 0.611444
0.625965 0.779851
0.425781 0.904826
0.201884 0.979409
-0.033256 0.999447
-0.266544 0.963823
-0.484988 0.874521
-0.676422 0.736514
-0.830184 0.557490
-0.937711 0.347417
-0.993014 0.117996
-0.993014 -0.117996
-0.937711 -0.347417
-0.830184 -0.557490
-0.676422 -0.736514
-0.484988 -0.874521
-0.266544 -0.963823
-0.033256 -0.999447
0.201884 -0.979409
0.425781 -0.904826
0.625965 -0.779851
0.791288 -0.611444
0.912542 -0.408984
0.982974 -0.183746
0.982974 -0.183746
0.962210 -0.183746
0.962210 -0.183746
90.912326
0.0 0 0 0
0 -31.607143 0

0.948274 0.248092
0.948274 0.248092
0.968736 0.248092
0.968736 0.248092
0.886078 0.463536
0.756238 0.654296
0.586130 0.810217
0.384811 0.922995
0.163002 0.986626
-0.067486 0.997720
-0.294381 0.955688
-0.505601 0.862767
-0.689899 0.723906
-0.837461 0.546498
-0.940429 0.339990
-0.993322 0.115378
-0.993322 -0.115378
-0.940429 -0.339990
-0.837461 -0.546498
-0.689899 -0.723906
-0.505601 -0.862767
-0.294381 -0.955688
-0.067486 -0.997720
0.163002 -0.986626
0.384811 -0.922995
0.586130 -0.810217
0.756238 -0.654296
0.886078 -0.463536
0.968736 -0.248092
0.968736 -0.248092
0.948274 -0.248092
0.948274 -0.248092
92.248444
0.0 0 0 0
0 -27.464286 0

0.936764 0.290159
0.936764 0.290159
0.956978 0.290159
0.956978 0.290159
0.866739 0.498762
0.731726 0.681599
0.558914 0.829226
0.357229 0.934017
0.137090 0.990559
-0.090130 0.995930
-0.312695 0.949854
-0.519106 0.854710
-0.698701 0.715414
-0.842203 0.539160
-0.942198 0.335055
-0.993522 0.113642
-0.993522 -0.113642
-0.942198 -0.335055
-0.842203 -0.539160
-0.698701 -0.715414
-0.519106 -0.854710
-0.312695 -0.949854
-0.090130 -0.995930
0.137090 -0.990559
0.357229 -0.934017
0.558914 -0.829226
0.731726 -0.681599
0.866739 -0.498762
0.956978 -0.290159
0.956978 -0.290159
0.936764 -0.290159
0.936764 -0.290159
93.381869
0.0 0 0 0
0 -23.321429 0

0.927448 0.319872
0.927448 0.319872
0.947461 0.319872
0.947461 0.319872
0.852067 0.523432
0.713613 0.700540
0.539095 0.842245
0.337333 0.941385
0.118524 0.992951
-0.106276 0.994337
-0.325705 0.945472
-0.528673 0.848825
-0.704925 0.709282
-0.845551 0.533894
-0.943446 0.331525
-0.993663 0.112402
-0.993663 -0.112402
-0.943446 -0.331525
-0.845551 -0.533894
-0.704925 -0.709282
-0.528673 -0.848825
-0.325705 -0.945472
-0.106276 -0.994337
0.118524 -0.992951
0.337333 -0.941385
0.539095 -0.842245
0.713613 -0.700540
0.852067 -0.523432
0.947461 -0.319872
0.947461 -0.319872
0.927448 -0.319872
0.927448 -0.319872
94.319907
0.0 0 0 0
0 -19.178571 0

0.920146 0.341169
0.920146 0.341169
0.940002 0.341169
0.940002 0.341169
0.841018 0.541008
0.700207 0.713940
0.524572 0.851366
0.322848 0.946451
0.105069 0.994465
-0.117936 0.993021
-0.335076 0.942191
-0.535552 0.844503
-0.709392 0.704814
-0.847952 0.530073
-0.944341 0.328969
-0.993764 0.111505
-0.993764 -0.111505
-0.944341 -0.328969
-0.847952 -0.530073
-0.709392 -0.704814
-0.535552 -0.844503
-0.335076 -0.942191
-0.117936 -0.993021
0.105069 -0.994465
0.322848 -0.946451
0.524572 -0.851366
0.700207 -0.713940
0.841018 -0.541008
0.940002 -0.341169
0.940002 -0.341169
0.920146 -0.341169
0.920146 -0.341169
95.068343
0.0 0 0 0
0 -15.035714 0

0.914726 0.356055
0.914726 0.356055
0.934465 0.356055
0.934465 0.356055
0.833023 0.553238
0.690620 0.723218
0.514258 0.857636
0.312608 0.949882
0.095588 0.995421
-0.126133 0.992013
-0.341652 0.939826
-0.540371 0.841427
-0.712519 0.701652
-0.849632 0.527377
-0.944966 0.327169
-0.993835 0.110874
-0.993835 -0.110874
-0.944966 -0.327169
-0.849632 -0.527377
-0.712519 -0.701652
-0.540371 -0.841427
-0.341652 -0.939826
-0.126133 -0.992013
0.095588 -0.995421
0.312608 -0.949882
0.514258 -0.857636
0.690620 -0.723218
0.833023 -0.553238
0.934465 -0.356055
0.934465 -0.356055
0.914726 -0.356055
0.914726 -0.356055
95.631627
0.0 0 0 0
0 -10.892857 0

0.911093 0.365648
0.911093 0.365648
0.930753 0.365648
0.930753 0.365648
0.827750 0.561097
0.684345 0.729158
0.507537 0.861630
0.305956 0.952045
0.089442 0.995992
-0.131438 0.991324
-0.345902 0.938271
-0.543483 0.839420
-0.714537 0.699597
-0.850715 0.525628
-0.945369 0.326002
-0.993880 0.110465
-0.993880 -0.110465
-0.945369 -0.326002
-0.850715 -0.525628
-0.714537 -0.699597
-0.543483 -0.839420
-0.345902 -0.938271
-0.131438 -0.991324
0.089442 -0.995992
0.305956 -0.952045
0.507537 -0.861630
0.684345 -0.729158
0.827750 -0.561097
0.930753 -0.365648
0.930753 -0.365648
0.911093 -0.365648
0.911093 -0.365648
96.013020
0.0 0 0 0
0 -6.750000 0

0.928051 0.372454
0.928051 0.372454
0.928051 0.372454
0.928051 0.372454
0.823952 0.566660
0.679847 0.733354
0.502734 0.864441
0.301212 0.953557
0.085065 0.996375
-0.135212 0.990817
-0.348924 0.937151
-0.545694 0.837984
-0.715970 0.698131
-0.851484 0.524381
-0.945655 0.325171
-0.993912 0.110174
-0.993912 -0.110174
-0.945655 -0.325171
-0.851484 -0.524381
-0.715970 -0.698131
-0.545694 -0.837984
-0.348924 -0.937151
-0.135212 -0.990817
0.085065 -0.996375
0.301212 -0.953557
0.502734 -0.864441
0.679847 -0.733354
0.823952 -0.566660
0.928051 -0.372454
0.928051 -0.372454
0.928051 -0.372454
0.928051 -0.372454
94.258620
0.0 0 0 0
0 -6.750000 0

0.928051 0.372454
0.928051 0.372454
0.928051 0.372454
0.928051 0.372454
0.823952 0.566660
0.679847 0.733354
0.502734 0.864441
0.301212 0.953557
0.085065 0.996375
-0.135212 0.990817
-0.348924 0.937151
-0.545694 0.837984
-0.715970 0.698131
-0.851484 0.524381
-0.945655 0.325171
-0.993912 0.110174
-0.993912 -0.110174
-0.945655 -0.325171
-0.851484 -0.524381
-0.715970 -0.698131
-0.545694 -0.837984
-0.348924 -0.937151
-0.135212 -0.990817
0.085065 -0.996375
0.301212 -0.953557
0.502734 -0.864441
0.679847 -0.733354
0.823952 -0.566660
0.928051 -0.372454
0.928051 -0.372454
0.928051 -0.372454
0.928051 -0.372454
94.258620
0.0 0 0 0
0 6.750000 0

0.911093 0.365648
0.911093 0.365648
0.930753 0.365648
0.930753 0.365648
0.827750 0.561097
0.684345 0.729158
0.507537 0.861630
0.305956 0.952045
0.089442 0.995992
-0.131438 0.991324
-0.345902 0.938271
-0.543483 0.839420
-0.714537 0.699597
-0.850715 0.525628
-0.945369 0.326002
-0.993880 0.110465
-0.993880 -0.110465
-0.945369 -0.326002
-0.850715 -0.525628
-0.714537 -0.699597
-0.543483 -0.839420
-0.345902 -0.938271
-0.131438 -0.991324
0.089442 -0.995992
0.305956 -0.952045
0.507537 -0.861630
0.684345 -0.729158
0.827750 -0.561097
0.930753 -0.365648
0.930753 -0.365648
0.911093 -0.365648
0.911093 -0.365648
96.013020
0.0 0 0 0
0 6.750000 0

0.914726 0.356055
0.914726 0.356055
0.934465 0.356055
0.934465 0.356055
0.833023 0.553238
0.690620 0.723218
0.514258 0.857636
0.312608 0.949882
0.095588 0.995421
-0.126133 0.992013
-0.341652 0.939826
-0.540371 0.841427
-0.712519 0.701652
-0.849632 0.527377
-0.944966 0.327169
-0.993835 0.110874
-0.993835 -0.110874
-0.944966 -0.327169
-0.849632 -0.527377
-0.712519 -0.701652
-0.540371 -0.841427
-0.341652 -0.939826
-0.126133 -0.992013
0.095588 -0.995421
0.312608 -0.949882
0.514258 -0.857636
0.690620 -0.723218
0.833023 -0.553238
0.934465 -0.356055
0.934465 -0.356055
0.914726 -0.356055
0.914726 -0.356055
95.631627
0.0 0 0 0
0 10.892857 0

0.920146 0.341169
0.920146 0.341169
0.940002 0.341169
0.940002 0.341169
0.841018 0.541008
0.700207 0.713940
0.524572 0.851366
0.322848 0.946451
0.105069 0.994465
-0.117936 0.993021
-0.335076 0.942191
-0.535552 0.844503
-0.709392 0.704814
-0.847952 0.530073
-0.944341 0.328969
-0.993764 0.111505
-0.993764 -0.111505
-0.944341 -0.328969
-0.847952 -0.530073
-0.709392 -0.704814
-0.535552 -0.844503
-0.335076 -0.942191
-0.117936 -0.993021
0.105069 -0.994465
0.322848 -0.946451
0.524572 -0.851366
0.700207 -0.713940
0.841018 -0.541008
0.940002 -0.341169
0.940002 -0.341169
0.920146 -0.341169
0.920146 -0.341169
95.068343
0.0 0 0 0
0 15.035714 0

0.927448 0.319872
0.927448 0.319872
0.947461 0.319872
0.947461 0.319872
0.852067 0.523432
0.713613 0.700540
0.539095 0.842245
0.337333 0.941385
0.118524 0.992951
-0.106276 0.994337
-0.325705 0.945472
-0.528673 0.848825
-0.704925 0.709282
-0.845551 0.533894
-0.943446 0.331525
-0.993663 0.112402
-0.993663 -0.112402
-0.943446 -0.331525
-0.845551 -0.533894
-0.704925 -0.709282
-0.528673 -0.848825
-0.325705 -0.945472
-0.106276 -0.994337
0.118524 -0.992951
0.337333 -0.941385
0.539095 -0.842245
0.713613 -0.700540
0.852067 -0.523432
0.947461 -0.319872
0.947461 -0.319872
0.927448 -0.319872
0.927448 -0.319872
94.319907
0.0 0 0 0
0 19.178571 0

0.936764 0.290159
0.936764 0.290159
0.956978 0.290159
0.956978 0.290159
0.866739 0.498762
0.731726 0.681599
0.558914 0.829226
0.357229 0.934017
0.137090 0.990559
-0.090130 0.995930
-0.312695 0.949854
-0.519106 0.854710
-0.698701 0.715414
-0.842203 0.539160
-0.942198 0.335055
-0.993522 0.113642
-0.993522 -0.113642
-0.942198 -0.335055
-0.842203 -0.539160
-0.698701 -0.715414
-0.519106 -0.854710
-0.312695 -0.949854
-0.090130 -0.995930
0.137090 -0.990559
0.357229 -0.934017
0.558914 -0.829226
0.731726 -0.681599
0.866739 -0.498762
0.956978 -0.290159
0.956978 -0.290159
0.936764 -0.290159
0.936764 -0.290159
93.381869
0.0 0 0 0
0 23.321429 0

0.948274 0.248092
0.948274 0.248092
0.968736 0.248092
0.968736 0.248092
0.886078 0.463536
0.756238 0.654296
0.586130 0.810217
0.384811 0.922995
0.163002 0.986626
-0.067486 0.997720
-0.294381 0.955688
-0.505601 0.862767
-0.689899 0.723906
-0.837461 0.546498
-0.940429 0.339990
-0.993322 0.115378
-0.993322 -0.115378
-0.940429 -0.339990
-0.837461 -0.546498
-0.689899 -0.723906
-0.505601 -0.862767
-0.294381 -0.955688
-0.067486 -0.997720
0.163002 -0.986626
0.384811 -0.922995
0.586130 -0.810217
0.756238 -0.654296
0.886078 -0.463536
0.968736 -0.248092
0.968736 -0.248092
0.948274 -0.248092
0.948274 -0.248092
92.248444
0.0 0 0 0
0 27.464286 0

0.962210 0.183746
0.962210 0.183746
0.982974 0.183746
0.982974 0.183746
0.912542 0.408984
0.791288 0.611444
0.625965 0.779851
0.425781 0.904826
0.201884 0.979409
-0.033256 0.999447
-0.266544 0.963823
-0.484988 0.874521
-0.676422 0.736514
-0.830184 0.557490
-0.937711 0.347417
-0.993014 0.117996
-0.993014 -0.117996
-0.937711 -0.347417
-0.830184 -0.557490
-0.676422 -0.736514
-0.484988 -0.874521
-0.266544 -0.963823
-0.033256 -0.999447
0.201884 -0.979409
0.425781 -0.904826
0.625965 -0.779851
0.791288 -0.611444
0.912542 -0.408984
0.982974 -0.183746
0.982974 -0.183746
0.962210 -0.183746
0.962210 -0.183746
90.912326
0.0 0 0 0
0 31.607143 0

0.978877 0.000000
0.978877 0.000000
1.000000 0.000000
1.000000 0.000000
0.968583 0.248690
0.876307 0.481754
0.728969 0.684547
0.535827 0.844328
0.309017 0.951057
0.062791 0.998027
-0.187381 0.982287
-0.425779 0.904827
-0.637424 0.770513
-0.809017 0.587785
-0.929776 0.368125
-0.992115 0.125333
-0.992115 -0.125333
-0.929776 -0.368125
-0.809017 -0.587785
-0.637424 -0.770513
-0.425779 -0.904827
-0.187381 -0.982287
0.062791 -0.998027
0.309017 -0.951057
0.535827 -0.844328
0.728969 -0.684547
0.876307 -0.481754
0.968583 -0.248690
1.000000 -0.000000
1.000000 -0.000000
0.978877 -0.000000
0.978877 -0.000000
89.364422
0.0 0 0 0
0 35.750000 0

1.0 0.0
1.0 0.0
1.0 0.0
1.0 0.0
0.968583 0.248690
0.876307 0.481754
0.728969 0.684547
0.535827 0.844328
0.309017 0.951057
0.062791 0.998027
-0.187381 0.982287
-0.425779 0.904827
-0.637424 0.770513
-0.809017 0.587785
-0.929776 0.368125
-0.992115 0.125333
-0.992115 -0.125333
-0.929776 -0.368125
-0.809017 -0.587785
-0.637424 -0.770513
-0.425779 -0.904827
-0.187381 -0.982287
0.062791 -0.998027
0.309017 -0.951057
0.535827 -0.844328
0.728969 -0.684547
0.876307 -0.481754
0.968583 -0.248690
1.0 0.0
1.0 0.0
1.0 0.0
1.0 0.0
89.364422
0.0 0 0 0
0 35.750000 0

1.0 0.0
1.0 0.0
1.0 0.0
1.0 0.0
0.968583 0.248690
0.876307 0.481754
0.728969 0.684547
0.535827 0.844328
0.309017 0.951057
0.062791 0.998027
-0.187381 0.982287
-0.425779 0.904827
-0.637424 0.770513
-0.809017 0.587785
-0.929776 0.368125
-0.992115 0.125333
-0.992115 -0.125333
-0.929776 -0.368125
-0.809017 -0.587785
-0.637424 -0.770513
-0.425779 -0.904827
-0.187381 -0.982287
0.062791 -0.998027
0.309017 -0.951057
0.535827 -0.844328
0.728969 -0.684547
0.876307 -0.481754
0.968583 -0.248690
1.0 0.0
1.0 0.0
1.0 0.0
1.0 0.0
85.401035
0.0 0 0 0
0 44.392857 0

1.0 0.0
1.0 0.0
1.0 0.0
1.0 0.0
0.968583 0.248690
0.876307 0.481754
0.728969 0.684547
0.535827 0.844328
0.309017 0.951057
0.062791 0.998027
-0.187381 0.982287
-0.425779 0.904827
-0.637424 0.770513
-0.809017 0.587785
-0.929776 0.368125
-0.992115 0.125333
-0.992115 -0.125333
-0.929776 -0.368125
-0.809017 -0.587785
-0.637424 -0.770513
-0.425779 -0.904827
-0.187381 -0.982287
0.062791 -0.998027
0.309017 -0.951057
0.535827 -0.844328
0.728969 -0.684547
0.876307 -0.481754
0.968583 -0.248690
1.0 0.0
1.0 0.0
1.0 0.0
1.0 0.0
80.319833
0.0 0 0 0
0 53.035714 0

1.0 0.0
1.0 0.0
1.0 0.0
1.0 0.0
0.968583 0.248690
0.876307 0.481754
0.728969 0.684547
0.535827 0.844328
0.309017 0.951057
0.062791 0.998027
-0.187381 0.982287
-0.425779 0.904827
-0.637424 0.770513
-0.809017 0.587785
-0.929776 0.368125
-0.992115 0.125333
-0.992115 -0.125333
-0.929776 -0.368125
-0.809017 -0.587785
-0.637424 -0.770513
-0.425779 -0.904827
-0.187381 -0.982287
0.062791 -0.998027
0.309017 -0.951057
0.535827 -0.844328
0.728969 -0.684547
0.876307 -0.481754
0.968583 -0.248690
1.0 0.0
1.0 0.0
1.0 0.0
1.0 0.0
73.890570
0.0 0 0 0
0 61.678571 0

1.0 0.0
1.0 0.0
1.0 0.0
1.0 0.0
0.968583 0.248690
0.876307 0.481754
0.728969 0.684547
0.535827 0.844328
0.309017 0.951057
0.062791 0.998027
-0.187381 0.982287
-0.425779 0.904827
-0.637424 0.770513
-0.809017 0.587785
-0.929776 0.368125
-0.992115 0.125333
-0.992115 -0.125333
-0.929776 -0.368125
-0.809017 -0.587785
-0.637424 -0.770513
-0.425779 -0.904827
-0.187381 -0.982287
0.062791 -0.998027
0.309017 -0.951057
0.535827 -0.844328
0.728969 -0.684547
0.876307 -0.481754
0.968583 -0.248690
1.0 0.0
1.0 0.0
1.0 0.0
1.0 0.0
65.718789
0.0 0 0 0
0 70.321429 0

1.0 0.0
1.0 0.0
1.0 0.0
1.0 0.0
0.968583 0.248690
0.876307 0.481754
0.728969 0.684547
0.535827 0.844328
0.309017 0.951057
0.062791 0.998027
-0.187381 0.982287
-0.425779 0.904827
-0.637424 0.770513
-0.809017 0.587785
-0.929776 0.368125
-0.992115 0.125333
-0.992115 -0.125333
-0.929776 -0.368125
-0.809017 -0.587785
-0.637424 -0.770513
-0.425779 -0.904827
-0.187381 -0.982287
0.062791 -0.998027
0.309017 -0.951057
0.535827 -0.844328
0.728969 -0.684547
0.876307 -0.481754
0.968583 -0.248690
1.0 0.0
1.0 0.0
1.0 0.0
1.0 0.0
55.033663
0.0 0 0 0
0 78.964286 0

1.0 0.0
1.0 0.0
1.0 0.0
1.0 0.0
0.968583 0.248690
0.876307 0.481754
0.728969 0.684547
0.535827 0.844328
0.309017 0.951057
0.062791 0.998027
-0.187381 0.982287
-0.425779 0.904827
-0.637424 0.770513
-0.809017 0.587785
-0.929776 0.368125
-0.992115 0.125333
-0.992115 -0.125333
-0.929776 -0.368125
-0.809017 -0.587785
-0.637424 -0.770513
-0.425779 -0.904827
-0.187381 -0.982287
0.062791 -0.998027
0.309017 -0.951057
0.535827 -0.844328
0.728969 -0.684547
0.876307 -0.481754
0.968583 -0.248690
1.0 0.0
1.0 0.0
1.0 0.0
1.0 0.0
39.862903
0.0 0 0 0
0 87.607143 0

1.0 0.0
1.0 0.0
1.0 0.0
1.0 0.0
0.968583 0.248690
0.876307 0.481754
0.728969 0.684547
0.535827 0.844328
0.309017 0.951057
0.062791 0.998027
-0.187381 0.982287
-0.425779 0.904827
-0.637424 0.770513
-0.809017 0.587785
-0.929776 0.368125
-0.992115 0.125333
-0.992115 -0.125333
-0.929776 -0.368125
-0.809017 -0.587785
-0.637424 -0.770513
-0.425779 -0.904827
-0.187381 -0.982287
0.062791 -0.998027
0.309017 -0.951057
0.535827 -0.844328
0.728969 -0.684547
0.876307 -0.481754
0.968583 -0.248690
1.0 0.0
1.0 0.0
1.0 0.0
1.0 0.0
0.000000
0.0 0 0 0
0 96.250000 0

0.995185 0.098017
0.956940 0.290285
0.881921 0.471397
0.773010 0.634393
0.634393 0.773010
0.471397 0.881921
0.290285 0.956940
0.098017 0.995185
-0.098017 0.995185
-0.290285 0.956940
-0.471397 0.881921
-0.634393 0.773010
-0.773010 0.634393
-0.881921 0.471397
-0.956940 0.290285
-0.995185 0.098017
-0.995185 -0.098017
-0.956940 -0.290285
-0.881921 -0.471397
-0.773010 -0.634393
-0.634393 -0.773010
-0.471397 -0.881921
-0.290285 -0.956940
-0.098017 -0.995185
0.098017 -0.995185
0.290285 -0.956940
0.471397 -0.881921
0.634393 -0.773010
0.773010 -0.634393
0.881921 -0.471397
0.956940 -0.290285
0.995185 -0.098017
0.0
0.0 0 0 0
0 96.250000 0

0.995185 0.098017
0.956940 0.290285
0.881921 0.471397
0.773010 0.634393
0.634393 0.773010
0.471397 0.881921
0.290285 0.956940
0.098017 0.995185
-0.098017 0.995185
-0.290285 0.956940
-0.471397 0.881921
-0.634393 0.773010
-0.773010 0.634393
-0.881921 0.471397
-0.956940 0.290285
-0.995185 0.098017
-0.995185 -0.098017
-0.956940 -0.290285
-0.881921 -0.471397
-0.773010 -0.634393
-0.634393 -0.773010
-0.471397 -0.881921
-0.290285 -0.956940
-0.098017 -0.995185
0.098017 -0.995185
0.290285 -0.956940
0.471397 -0.881921
0.634393 -0.773010
0.773010 -0.634393
0.881921 -0.471397
0.956940 -0.290285
0.995185 -0.098017
0.0
0.0 0 0 0
0 96.250000 0

0.995185 0.098017
0.956940 0.290285
0.881921 0.471397
0.773010 0.634393
0.634393 0.773010
0.471397 0.881921
0.290285 0.956940
0.098017 0.995185
-0.098017 0.995185
-0.290285 0.956940
-0.471397 0.881921
-0.634393 0.773010
-0.773010 0.634393
-0.881921 0.471397
-0.956940 0.290285
-0.995185 0.098017
-0.995185 -0.098017
-0.956940 -0.290285
-0.881921 -0.471397
-0.773010 -0.634393
-0.634393 -0.773010
-0.471397 -0.881921
-0.290285 -0.956940
-0.098017 -0.995185
0.098017 -0.995185
0.290285 -0.956940
0.471397 -0.881921
0.634393 -0.773010
0.773010 -0.634393
0.881921 -0.471397
0.956940 -0.290285
0.995185 -0.098017
0.0
1.570796 0 0 1
87.476783 0 0

0.995185 0.098017
0.956940 0.290285
0.881921 0.471397
0.773010 0.634393
0.634393 0.773010
0.471397 0.881921
0.290285 0.956940
0.098017 0.995185
-0.098017 0.995185
-0.290285 0.956940
-0.471397 0.881921
-0.634393 0.773010
-0.773010 0.634393
-0.881921 0.471397
-0.956940 0.290285
-0.995185 0.098017
-0.995185 -0.098017
-0.956940 -0.290285
-0.881921 -0.471397
-0.773010 -0.634393
-0.634393 -0.773010
-0.471397 -0.881921
-0.290285 -0.956940
-0.098017 -0.995185
0.098017 -0.995185
0.290285 -0.956940
0.471397 -0.881921
0.634393 -0.773010
0.773010 -0.634393
0.881921 -0.471397
0.956940 -0.290285
0.995185 -0.098017
22.75
1.570796 0 0 1
87.476783 0 0

0.995185 0.098017
0.956940 0.290285
0.881921 0.471397
0.773010 0.634393
0.634393 0.773010
0.471397 0.881921
0.290285 0.956940
0.098017 0.995185
-0.098017 0.995185
-0.290285 0.956940
-0.471397 0.881921
-0.634393 0.773010
-0.773010 0.634393
-0.881921 0.471397
-0.956940 0.290285
-0.995185 0.098017
-0.995185 -0.098017
-0.956940 -0.290285
-0.881921 -0.471397
-0.773010 -0.634393
-0.634393 -0.773010
-0.471397 -0.881921
-0.290285 -0.956940
-0.098017 -0.995185
0.098017 -0.995185
0.290285 -0.956940
0.471397 -0.881921
0.634393 -0.773010
0.773010 -0.634393
0.881921 -0.471397
0.956940 -0.290285
0.995185 -0.098017
22.75
1.570796 0 0 1
91.863391 0 0

0.995185 0.098017
0.956940 0.290285
0.881921 0.471397
0.773010 0.634393
0.634393 0.773010
0.471397 0.881921
0.290285 0.956940
0.098017 0.995185
-0.098017 0.995185
-0.290285 0.956940
-0.471397 0.881921
-0.634393 0.773010
-0.773010 0.634393
-0.881921 0.471397
-0.956940 0.290285
-0.995185 0.098017
-0.995185 -0.098017
-0.956940 -0.290285
-0.881921 -0.471397
-0.773010 -0.634393
-0.634393 -0.773010
-0.471397 -0.881921
-0.290285 -0.956940
-0.098017 -0.995185
0.098017 -0.995185
0.290285 -0.956940
0.471397 -0.881921
0.634393 -0.773010
0.773010 -0.634393
0.881921 -0.471397
0.956940 -0.290285
0.995185 -0.098017
14.5
1.570796 0 0 1
91.863391 0 0

0.995185 0.098017
0.956940 0.290285
0.881921 0.471397
0.773010 0.634393
0.634393 0.773010
0.471397 0.881921
0.290285 0.956940
0.098017 0.995185
-0.098017 0.995185
-0.290285 0.956940
-0.471397 0.881921
-0.634393 0.773010
-0.773010 0.634393
-0.881921 0.471397
-0.956940 0.290285
-0.995185 0.098017
-0.995185 -0.098017
-0.956940 -0.290285
-0.881921 -0.471397
-0.773010 -0.634393
-0.634393 -0.773010
-0.471397 -0.881921
-0.290285 -0.956940
-0.098017 -0.995185
0.098017 -0.995185
0.290285 -0.956940
0.471397 -0.881921
0.634393 -0.773010
0.773010 -0.634393
0.881921 -0.471397
0.956940 -0.290285
0.995185 -0.098017
14.5
1.570796 0 0 1
96.250000 0 0

0.995185 0.098017
0.956940 0.290285
0.881921 0.471397
0.773010 0.634393
0.634393 0.773010
0.471397 0.881921
0.290285 0.956940
0.098017 0.995185
-0.098017 0.995185
-0.290285 0.956940
-0.471397 0.881921
-0.634393 0.773010
-0.773010 0.634393
-0.881921 0.471397
-0.956940 0.290285
-0.995185 0.098017
-0.995185 -0.098017
-0.956940 -0.290285
-0.881921 -0.471397
-0.773010 -0.634393
-0.634393 -0.773010
-0.471397 -0.881921
-0.290285 -0.956940
-0.098017 -0.995185
0.098017 -0.995185
0.290285 -0.956940
0.471397 -0.881921
0.634393 -0.773010
0.773010 -0.634393
0.881921 -0.471397
0.956940 -0.290285
0.995185 -0.098017
0.0
1.570796 0 0 1
96.250000 0 0

